(1, 90, 20, 90, 10, 90, 20, 90, 10, 0, 10, 90, 20)
(0, 270, 10, 1, 135, 14, 225, 20, 0, 180, 20, 270, 10)
(1, 10, 270, 10, 270, 10, 90, 10, 90, 10, 90, 0, 20, 270, 10) 
(1, 10, 225, 14, 135, 10, 225, 14, 135, 0, 10, 90, 20, 270, 10)
(1, 270, 10, 90, 10, 270, 10, 180, 20, 0, 270, 10)
(1, 10, 180, 10, 90, 10, 90, 10, 270, 10, 270, 10, 180, 10, 90, 0, 20, 270, 10), 
(0, 10, 225, 1, 14, 45, 10, 90, 10, 90, 10, 90, 10, 225, 0, 14, 315, 10)
(1, 10, 225, 14, 45, 10, 0, 90, 10, 90, 20, 270, 10)
(1, 270, 10, 90, 10, 180, 10, 90, 10, 90, 10, 90, 20, 90, 10, 180, 10, 0, 10)
(1, 270, 10, 90, 10, 90, 10, 90, 10, 90, 0, 20, 90, 1, 10, 90, 20, 270, 0, 10)
